2922262
8661151
9036861
17610420
14702039
17974005
15057823
15489334
9150946
11154118
12231511
14532127
12765338
15014079
14695889
16143102
15841214
15944249
15607795
16855214
16962095
17114460
18631454
17803946
19064698
18250463
18354232
18160415
18669648
19811284
19446504
19360789
19264983
19608861
20123072
20819940
20547845
20068231
21395369
21269460
21660935
21406692
22473704
22370717
22869893
22801494
23040637
23519706
23303669
23446148
23186163
23994764
24971542
24474694
24275569
24531895
24220159
25549101
25048472
26078984
25660311
25944712
27362237
28190768
29618516
23063560
24427810
